|name           |ra         |dec        |
|LBQS 0000+0159 |00 02 37.99|+02 15 58.0|
|LBQS 0001-0159 |00 03 51.19|-01 42 45.0|
|LBQS 0001-0050 |00 04 21.02|-00 34 03.7|
|LBQS 0002-0243 |00 04 58.80|-02 26 30.1|
|LBQS 0002-0149 |00 05 07.06|-01 32 45.2|
|LBQS 0002-0210 |00 05 17.90|-01 53 44.5|
|LBQS 0003+0146 |00 05 47.52|+02 03 01.4|
|LBQS 0003+0011 |00 05 57.19|+00 28 37.6|
|LBQS 0004-0032 |00 06 54.10|-00 15 33.8|
|LBQS 0004+0005 |00 07 01.32|+00 22 41.9|
|LBQS 0004+0036 |00 07 09.98|+00 53 28.3|
|LBQS 0004+0147 |00 07 22.49|+02 04 11.6|
|LBQS 0004+0224 |00 07 27.02|+02 41 11.8|
|LBQS 0006+0015 |00 08 34.73|+00 31 55.2|
|LBQS 0006+0230 |00 08 57.38|+02 47 35.9|
|LBQS 0006+0200 |00 09 31.39|+02 17 06.4|
|LBQS 0007-0003 |00 09 45.48|+00 13 36.5|
|LBQS 0007+0142 |00 09 52.66|+01 58 48.0|
|LBQS 0007-0004 |00 10 16.51|+00 12 27.0|
|LBQS 0007+0236 |00 10 19.51|+02 53 38.8|
|LBQS 0007-0142 |00 10 27.43|-01 25 49.4|
|LBQS 0008-0001 |00 10 54.89|+00 14 50.6|
|LBQS 0009-0138 |00 12 10.92|-01 22 07.7|
|LBQS 0009-0148 |00 12 14.83|-01 31 28.6|
|LBQS 0009+0219 |00 12 19.63|+02 36 35.3|
